0000000000000000101000000
0001000000000000000100000
0010000000001010000000000
0011000000000001000000000
0100000010100000000000000
0101000000010000000000000
0110101000000000000000000
0111000100000000000000000
0000000000000000101000001
0001000000000000000100001
0010000000001010000000001
0011000000000001000000001
0100000010100000000000001
0101000000010000000000001
0110101000000000000000001
0111000100000000000000001
0000000000000000101100010
0001000000000000101000010
0010000000001011000000010
0011000000001010000000010
0100000010110000000000010
0101000010100000000000010
0110101100000000000000010
0111101000000000000000010
1000000010000010000000011
1000100011000100000000100
1001000011001000000100101
1001100100000110000100110
1010000010000010000000111
1010100101001100011101000
1011000101001100011101001
1100000000000000000000000
1100010001000100000101010
1100010010010100001000001
1100010011000010001101011
1100010100000010001101010
1100010010010100101101100
1100010101010100101101101
1100011011011000110101101
1100010110000000001001110
1100010111001010011001111
1100001000001010011010000
1100011001100000111110001
1100011010100000111110001
1100011100000101000110010
1100011101000101001010011
1100011110001110011010100
1100011111101001001110101
